0.03910870720015041 -0.11870971973263238 497.6342 497.44913
2.5291169670554643 -0.13349378802877435 440.62555 498.252
4.989979359522709 -0.1568204365805919 384.28925 499.25275
7.459551371409807 -0.1822650694428998 327.75473 500.30542
9.935972653818519 -0.21838430017535218 271.06955 501.61316
12.420285728765384 -0.2816056361258722 214.21933 503.56677
14.928118917162447 -0.3061361454000046 156.80817 504.60464
0.030598972171714395 2.279921344535706 496.44217 440.41208
2.517102899680827 2.258350798554034 439.5177 441.3757
4.965306682926265 2.257782765927306 383.4581 441.83298
7.425402665179491 2.2158278757487504 327.15012 443.27652
9.886299985817741 2.1936514362354105 270.81235 444.2499
12.379114076305015 2.1330899754635335 213.76593 446.1418
14.882618305111214 2.0937633059495866 156.46245 447.53073
0.02466686115866047 4.673745121926853 495.1939 383.4898
2.499014256686133 4.662174707822863 438.54202 384.21344
4.941059417840942 4.646143307496778 382.6324 385.0373
7.385589706457435 4.621472911619789 326.67084 386.06702
9.837461806424141 4.58836738716792 270.54605 387.29865
12.327068720921462 4.546276818884985 213.5624 388.75076
14.835076271164022 4.493095325637728 156.1638 390.46994
-0.008107878622395004 7.0994458842020105 494.54187 325.8047
2.451191638673237 7.087450172594073 438.2348 326.5357
4.890146756806581 7.071184736209417 382.39606 327.36456
7.3264936554898465 7.050276544664828 326.61972 328.30334
9.782898091243258 7.017341612638085 270.39105 329.53174
12.264701679879682 6.986578046438914 213.57953 330.7131
14.763201181399019 6.945679540941212 156.39156 332.1385
-0.06478646470784881 9.504028024545882 494.4494 268.6174
2.401787964476318 9.484240950364482 437.98026 269.535
4.846347758497206 9.463732904895053 382.01562 270.46576
7.280521390296248 9.441277028483135 326.28995 271.44095
9.739304430083202 9.42133943768494 269.9993 272.36072
12.213662623509423 9.393639104930248 213.35649 273.4679
14.708170608549537 9.367253867989007 156.25153 274.54745
-0.09926985169029191 11.855310870310717 493.87952 212.7015
2.3677440098592624 11.842347230679602 437.39636 213.45694
4.8194442120316 11.814413213231408 381.27252 214.56557
7.260778784041304 11.804672204450362 325.37552 215.23972
9.723287432080058 11.779749340522027 269.00244 216.2787
12.202448663790792 11.77137283136129 212.23848 216.92726
14.707628830500443 11.741757087800845 154.891 218.08557
-0.1528737568655203 14.22062203148117 493.73935 156.44858
2.3331543238211396 14.192033977200543 436.82983 157.57898
4.794968930984319 14.169262607006845 380.4714 158.56668
7.244280325194261 14.150481044958541 324.39697 159.45724
9.720722882015599 14.145821125320248 267.6931 160.01694
12.210644164076061 14.13197457275448 210.68593 160.79752
14.71924158540611 14.122701390392972 153.24844 161.47273
